program, -1, -1, 1
prog?, -55, -2, 1
;, -75, -1, 1
var, -15, -1, 2
int, -11, -1, 3
:, -77, -1, 3
uno&, -51, -2, 3
,, -76, -1, 3
dos&, -51, -2, 3
,, -76, -1, 3
tres&, -51, -2, 3
;, -75, -1, 3
real, -12, -1, 4
:, -77, -1, 4
t%, -52, -2, 4
,, -76, -1, 4
cuatro%, -52, -2, 4
;, -75, -1, 4
string, -13, -1, 5
:, -77, -1, 5
cuatro#, -53, -2, 5
;, -75, -1, 5
bool, -14, -1, 6
:, -77, -1, 6
cinco$, -54, -2, 6
;, -75, -1, 6
begin, -2, -1, 8
uno&, -51, -2, 10
:=, -26, -1, 10
10, -61, -1, 10
+, -24, -1, 10
(, -73, -1, 10
39, -61, -1, 10
*, -21, -1, 10
dos&, -51, -2, 10
), -74, -1, 10
;, -75, -1, 10
dos&, -51, -2, 11
:=, -26, -1, 11
(, -73, -1, 11
uno&, -51, -2, 11
+, -24, -1, 11
10, -61, -1, 11
), -74, -1, 11
;, -75, -1, 11
if, -6, -1, 13
(, -73, -1, 13
uno&, -51, -2, 13
==, -35, -1, 13
10, -61, -1, 13
), -74, -1, 13
then, -16, -1, 13
begin, -2, -1, 14
write, -5, -1, 15
(, -73, -1, 15
dos&, -51, -2, 15
), -74, -1, 15
;, -75, -1, 15
end, -3, -1, 16
end, -3, -1, 18
