program, -1, -1, 1
vci?, -55, -2, 1
;, -75, -1, 1
var, -15, -1, 2
int, -11, -1, 3
:, -77, -1, 3
i&, -51, 0, 3
,, -76, -1, 3
f&, -51, 1, 3
,, -76, -1, 3
n&, -51, 2, 3
,, -76, -1, 3
X&, -51, 3, 3
,, -76, -1, 3
Y&, -51, 4, 3
;, -75, -1, 3
int, -11, -1, 4
:, -77, -1, 4
A&, -51, 5, 4
,, -76, -1, 4
B&, -51, 6, 4
,, -76, -1, 4
C&, -51, 7, 4
,, -76, -1, 4
m&, -51, 8, 4
,, -76, -1, 4
par&, -51, 9, 4
,, -76, -1, 4
non&, -51, 10, 4
;, -75, -1, 4
begin, -2, -1, 6
write, -5, -1, 8
(, -73, -1, 8
m&, -51, 8, 8
), -74, -1, 8
;, -75, -1, 8
write, -5, -1, 9
(, -73, -1, 9
n&, -51, 2, 9
), -74, -1, 9
;, -75, -1, 9
par&, -51, 9, 10
:=, -26, -1, 10
0, -61, -1, 10
;, -75, -1, 10
non&, -51, 10, 11
:=, -26, -1, 11
0, -61, -1, 11
;, -75, -1, 11
repeat, -9, -1, 12
begin, -2, -1, 13
if, -6, -1, 14
(, -73, -1, 14
m&, -51, 8, 14
%%, -27, -1, 14
2, -61, -1, 14
==, -35, -1, 14
0, -61, -1, 14
), -74, -1, 14
then, -16, -1, 14
begin, -2, -1, 15
par&, -51, 9, 16
:=, -26, -1, 16
par&, -51, 9, 16
+, -24, -1, 16
m&, -51, 8, 16
;, -75, -1, 16
end, -3, -1, 17
else, -7, -1, 18
begin, -2, -1, 19
non&, -51, 10, 20
:=, -26, -1, 20
non&, -51, 10, 20
+, -24, -1, 20
m&, -51, 8, 20
;, -75, -1, 20
end, -3, -1, 21
m&, -51, 8, 22
:=, -26, -1, 22
m&, -51, 8, 22
+, -24, -1, 22
1, -61, -1, 22
;, -75, -1, 22
end, -3, -1, 23
until, -10, -1, 24
(, -73, -1, 24
m&, -51, 8, 24
<=, -32, -1, 24
n&, -51, 2, 24
), -74, -1, 24
;, -75, -1, 24
write, -5, -1, 25
(, -73, -1, 25
par&, -51, 9, 25
), -74, -1, 25
;, -75, -1, 25
write, -5, -1, 26
(, -73, -1, 26
non&, -51, 10, 26
), -74, -1, 26
;, -75, -1, 26
end, -3, -1, 28
